-1	1	-1	1	-6	-3	-7	7	0	0	0	0	-35	
1	0	0	0	1	1	0	0	1	0	0	0	5	
0	-1	0	0	1	0	5	-5	0	1	0	0	10	
0	0	1	0	2	1	1	-1	0	0	1	0	10	
0	0	0	-1	2	1	1	-1	0	0	0	1	10	
0	0	0	0	3	4	-5	5	0	0	0	0	0	

5	1	-1	1	0	3	-7	7	6	0	0	0	-5	
1	0	0	0	1	1	0	0	1	0	0	0	5	
-1	-1	0	0	0	-1	5	-5	-1	1	0	0	5	
-2	0	1	0	0	-1	1	-1	-2	0	1	0	0	
-2	0	0	-1	0	-1	1	-1	-2	0	0	1	0	
-3	0	0	0	0	1	-5	5	-3	0	0	0	-15	

-9	1	6	1	0	-4	0	0	-8	0	7	0	-5	
1	0	0	0	1	1	0	0	1	0	0	0	5	
9	-1	-5	0	0	4	0	0	9	1	-5	0	5	
-2	0	1	0	0	-1	1	-1	-2	0	1	0	0	
0	0	-1	-1	0	0	0	0	0	0	-1	1	0	
-13	0	5	0	0	-4	0	0	-13	0	5	0	-15	

0	0	1	1	0	0	0	0	1	1	2	0	0	
-1.25	0.25	1.25	0	1	0	0	0	-1.25	-0.25	1.25	0	3.75	
2.25	-0.25	-1.25	0	0	1	0	0	2.25	0.25	-1.25	0	1.25	
0.25	-0.25	-0.25	0	0	0	1	-1	0.25	0.25	-0.25	0	1.25	
0	0	-1	-1	0	0	0	0	0	0	-1	1	0	
-4	-1	0	0	0	0	0	0	-4	1	0	0	-10	

otima
-10.000
3.750 1.250 1.250 0.000 
-4.000 -1.000 0.000 0.000 
