49 70 
18.0 25.0 13.0 19.0 21.0 16.0 11.0 14.0 10.0 11.0 11.0 18.0 24.0 23.0 13.0 18.0 18.0 12.0 24.0 21.0 21.0 18.0 23.0 17.0 20.0 11.0 21.0 23.0 16.0 15.0 11.0 16.0 12.0 14.0 16.0 16.0 11.0 23.0 17.0 20.0 11.0 18.0 24.0 19.0 24.0 22.0 11.0 20.0 12.0 24.0 16.0 24.0 18.0 19.0 22.0 11.0 15.0 19.0 19.0 22.0 24.0 16.0 10.0 20.0 18.0 19.0 16.0 22.0 21.0 18.0
-1.0 0.0 0.0 0.0 0.0 0.0 0.0 0.0 0.0 0.0 0.0 0.0 0.0 0.0 0.0 0.0 0.0 0.0 0.0 0.0 0.0 0.0 0.0 0.0 0.0 0.0 0.0 0.0 0.0 0.0 0.0 0.0 0.0 0.0 0.0 0.0 0.0 0.0 0.0 0.0 0.0 0.0 0.0 0.0 0.0 0.0 0.0 0.0 0.0 14.0 16.0 16.0 25.0 20.0 12.0 13.0 22.0 25.0 23.0 22.0 11.0 24.0 20.0 11.0 15.0 14.0 20.0 12.0 16.0 23.0 598.0
0.0 -1.0 0.0 0.0 0.0 0.0 0.0 0.0 0.0 0.0 0.0 0.0 0.0 0.0 0.0 0.0 0.0 0.0 0.0 0.0 0.0 0.0 0.0 0.0 0.0 0.0 0.0 0.0 0.0 0.0 0.0 0.0 0.0 0.0 0.0 0.0 0.0 0.0 0.0 0.0 0.0 0.0 0.0 0.0 0.0 0.0 0.0 0.0 0.0 16.0 18.0 15.0 14.0 24.0 15.0 25.0 22.0 13.0 13.0 18.0 12.0 18.0 12.0 25.0 23.0 12.0 19.0 23.0 17.0 22.0 595.5
0.0 0.0 -1.0 0.0 0.0 0.0 0.0 0.0 0.0 0.0 0.0 0.0 0.0 0.0 0.0 0.0 0.0 0.0 0.0 0.0 0.0 0.0 0.0 0.0 0.0 0.0 0.0 0.0 0.0 0.0 0.0 0.0 0.0 0.0 0.0 0.0 0.0 0.0 0.0 0.0 0.0 0.0 0.0 0.0 0.0 0.0 0.0 0.0 0.0 18.0 24.0 19.0 17.0 19.0 25.0 24.0 19.0 17.0 10.0 12.0 15.0 20.0 24.0 19.0 21.0 16.0 20.0 24.0 24.0 25.0 660.0
0.0 0.0 0.0 -1.0 0.0 0.0 0.0 0.0 0.0 0.0 0.0 0.0 0.0 0.0 0.0 0.0 0.0 0.0 0.0 0.0 0.0 0.0 0.0 0.0 0.0 0.0 0.0 0.0 0.0 0.0 0.0 0.0 0.0 0.0 0.0 0.0 0.0 0.0 0.0 0.0 0.0 0.0 0.0 0.0 0.0 0.0 0.0 0.0 0.0 14.0 19.0 12.0 14.0 21.0 17.0 14.0 25.0 12.0 13.0 14.0 21.0 13.0 18.0 18.0 15.0 10.0 12.0 17.0 18.0 25.0 623.0
0.0 0.0 0.0 0.0 -1.0 0.0 0.0 0.0 0.0 0.0 0.0 0.0 0.0 0.0 0.0 0.0 0.0 0.0 0.0 0.0 0.0 0.0 0.0 0.0 0.0 0.0 0.0 0.0 0.0 0.0 0.0 0.0 0.0 0.0 0.0 0.0 0.0 0.0 0.0 0.0 0.0 0.0 0.0 0.0 0.0 0.0 0.0 0.0 0.0 19.0 21.0 14.0 10.0 15.0 24.0 15.0 15.0 25.0 16.0 17.0 14.0 17.0 18.0 24.0 17.0 14.0 17.0 10.0 23.0 25.0 592.5
0.0 0.0 0.0 0.0 0.0 -1.0 0.0 0.0 0.0 0.0 0.0 0.0 0.0 0.0 0.0 0.0 0.0 0.0 0.0 0.0 0.0 0.0 0.0 0.0 0.0 0.0 0.0 0.0 0.0 0.0 0.0 0.0 0.0 0.0 0.0 0.0 0.0 0.0 0.0 0.0 0.0 0.0 0.0 0.0 0.0 0.0 0.0 0.0 0.0 23.0 12.0 22.0 24.0 20.0 23.0 21.0 22.0 16.0 12.0 14.0 14.0 16.0 11.0 20.0 23.0 17.0 20.0 10.0 18.0 17.0 621.5
0.0 0.0 0.0 0.0 0.0 0.0 -1.0 0.0 0.0 0.0 0.0 0.0 0.0 0.0 0.0 0.0 0.0 0.0 0.0 0.0 0.0 0.0 0.0 0.0 0.0 0.0 0.0 0.0 0.0 0.0 0.0 0.0 0.0 0.0 0.0 0.0 0.0 0.0 0.0 0.0 0.0 0.0 0.0 0.0 0.0 0.0 0.0 0.0 0.0 22.0 10.0 16.0 10.0 20.0 18.0 11.0 19.0 20.0 23.0 23.0 22.0 19.0 19.0 24.0 11.0 12.0 12.0 21.0 21.0 18.0 618.5
0.0 0.0 0.0 0.0 0.0 0.0 0.0 -1.0 0.0 0.0 0.0 0.0 0.0 0.0 0.0 0.0 0.0 0.0 0.0 0.0 0.0 0.0 0.0 0.0 0.0 0.0 0.0 0.0 0.0 0.0 0.0 0.0 0.0 0.0 0.0 0.0 0.0 0.0 0.0 0.0 0.0 0.0 0.0 0.0 0.0 0.0 0.0 0.0 0.0 24.0 10.0 19.0 10.0 24.0 22.0 10.0 18.0 20.0 14.0 23.0 22.0 21.0 15.0 18.0 12.0 19.0 13.0 10.0 10.0 21.0 606.5
0.0 0.0 0.0 0.0 0.0 0.0 0.0 0.0 -1.0 0.0 0.0 0.0 0.0 0.0 0.0 0.0 0.0 0.0 0.0 0.0 0.0 0.0 0.0 0.0 0.0 0.0 0.0 0.0 0.0 0.0 0.0 0.0 0.0 0.0 0.0 0.0 0.0 0.0 0.0 0.0 0.0 0.0 0.0 0.0 0.0 0.0 0.0 0.0 0.0 24.0 17.0 21.0 14.0 16.0 20.0 16.0 24.0 24.0 17.0 25.0 17.0 20.0 17.0 19.0 21.0 24.0 18.0 18.0 19.0 11.0 631.0
0.0 0.0 0.0 0.0 0.0 0.0 0.0 0.0 0.0 -1.0 0.0 0.0 0.0 0.0 0.0 0.0 0.0 0.0 0.0 0.0 0.0 0.0 0.0 0.0 0.0 0.0 0.0 0.0 0.0 0.0 0.0 0.0 0.0 0.0 0.0 0.0 0.0 0.0 0.0 0.0 0.0 0.0 0.0 0.0 0.0 0.0 0.0 0.0 0.0 25.0 11.0 20.0 20.0 21.0 14.0 25.0 20.0 22.0 21.0 24.0 20.0 21.0 20.0 13.0 11.0 12.0 25.0 22.0 23.0 20.0 646.5
0.0 0.0 0.0 0.0 0.0 0.0 0.0 0.0 0.0 0.0 -1.0 0.0 0.0 0.0 0.0 0.0 0.0 0.0 0.0 0.0 0.0 0.0 0.0 0.0 0.0 0.0 0.0 0.0 0.0 0.0 0.0 0.0 0.0 0.0 0.0 0.0 0.0 0.0 0.0 0.0 0.0 0.0 0.0 0.0 0.0 0.0 0.0 0.0 0.0 10.0 10.0 19.0 22.0 12.0 12.0 24.0 23.0 24.0 16.0 12.0 14.0 12.0 21.0 10.0 10.0 12.0 18.0 23.0 24.0 14.0 639.0
0.0 0.0 0.0 0.0 0.0 0.0 0.0 0.0 0.0 0.0 0.0 -1.0 0.0 0.0 0.0 0.0 0.0 0.0 0.0 0.0 0.0 0.0 0.0 0.0 0.0 0.0 0.0 0.0 0.0 0.0 0.0 0.0 0.0 0.0 0.0 0.0 0.0 0.0 0.0 0.0 0.0 0.0 0.0 0.0 0.0 0.0 0.0 0.0 0.0 19.0 19.0 18.0 10.0 13.0 13.0 23.0 22.0 21.0 19.0 19.0 13.0 18.0 15.0 20.0 21.0 25.0 21.0 22.0 11.0 13.0 616.0
0.0 0.0 0.0 0.0 0.0 0.0 0.0 0.0 0.0 0.0 0.0 0.0 -1.0 0.0 0.0 0.0 0.0 0.0 0.0 0.0 0.0 0.0 0.0 0.0 0.0 0.0 0.0 0.0 0.0 0.0 0.0 0.0 0.0 0.0 0.0 0.0 0.0 0.0 0.0 0.0 0.0 0.0 0.0 0.0 0.0 0.0 0.0 0.0 0.0 18.0 17.0 21.0 21.0 15.0 17.0 23.0 12.0 22.0 14.0 19.0 18.0 18.0 15.0 16.0 23.0 10.0 11.0 23.0 25.0 12.0 601.0
0.0 0.0 0.0 0.0 0.0 0.0 0.0 0.0 0.0 0.0 0.0 0.0 0.0 -1.0 0.0 0.0 0.0 0.0 0.0 0.0 0.0 0.0 0.0 0.0 0.0 0.0 0.0 0.0 0.0 0.0 0.0 0.0 0.0 0.0 0.0 0.0 0.0 0.0 0.0 0.0 0.0 0.0 0.0 0.0 0.0 0.0 0.0 0.0 0.0 21.0 15.0 15.0 22.0 18.0 19.0 20.0 14.0 15.0 12.0 15.0 22.0 21.0 25.0 15.0 18.0 24.0 13.0 12.0 16.0 17.0 605.0
0.0 0.0 0.0 0.0 0.0 0.0 0.0 0.0 0.0 0.0 0.0 0.0 0.0 0.0 -1.0 0.0 0.0 0.0 0.0 0.0 0.0 0.0 0.0 0.0 0.0 0.0 0.0 0.0 0.0 0.0 0.0 0.0 0.0 0.0 0.0 0.0 0.0 0.0 0.0 0.0 0.0 0.0 0.0 0.0 0.0 0.0 0.0 0.0 0.0 13.0 17.0 25.0 21.0 10.0 22.0 24.0 16.0 14.0 22.0 13.0 19.0 15.0 25.0 13.0 12.0 13.0 20.0 14.0 18.0 11.0 605.0
0.0 0.0 0.0 0.0 0.0 0.0 0.0 0.0 0.0 0.0 0.0 0.0 0.0 0.0 0.0 -1.0 0.0 0.0 0.0 0.0 0.0 0.0 0.0 0.0 0.0 0.0 0.0 0.0 0.0 0.0 0.0 0.0 0.0 0.0 0.0 0.0 0.0 0.0 0.0 0.0 0.0 0.0 0.0 0.0 0.0 0.0 0.0 0.0 0.0 25.0 11.0 11.0 15.0 25.0 14.0 10.0 23.0 12.0 10.0 11.0 20.0 18.0 19.0 24.0 21.0 18.0 14.0 12.0 20.0 25.0 613.5
0.0 0.0 0.0 0.0 0.0 0.0 0.0 0.0 0.0 0.0 0.0 0.0 0.0 0.0 0.0 0.0 -1.0 0.0 0.0 0.0 0.0 0.0 0.0 0.0 0.0 0.0 0.0 0.0 0.0 0.0 0.0 0.0 0.0 0.0 0.0 0.0 0.0 0.0 0.0 0.0 0.0 0.0 0.0 0.0 0.0 0.0 0.0 0.0 0.0 14.0 10.0 14.0 10.0 15.0 22.0 16.0 13.0 17.0 23.0 17.0 24.0 15.0 20.0 13.0 22.0 19.0 24.0 12.0 13.0 23.0 642.0
0.0 0.0 0.0 0.0 0.0 0.0 0.0 0.0 0.0 0.0 0.0 0.0 0.0 0.0 0.0 0.0 0.0 -1.0 0.0 0.0 0.0 0.0 0.0 0.0 0.0 0.0 0.0 0.0 0.0 0.0 0.0 0.0 0.0 0.0 0.0 0.0 0.0 0.0 0.0 0.0 0.0 0.0 0.0 0.0 0.0 0.0 0.0 0.0 0.0 18.0 16.0 21.0 23.0 23.0 12.0 25.0 22.0 23.0 15.0 24.0 18.0 15.0 19.0 13.0 16.0 13.0 15.0 20.0 24.0 23.0 621.5
0.0 0.0 0.0 0.0 0.0 0.0 0.0 0.0 0.0 0.0 0.0 0.0 0.0 0.0 0.0 0.0 0.0 0.0 -1.0 0.0 0.0 0.0 0.0 0.0 0.0 0.0 0.0 0.0 0.0 0.0 0.0 0.0 0.0 0.0 0.0 0.0 0.0 0.0 0.0 0.0 0.0 0.0 0.0 0.0 0.0 0.0 0.0 0.0 0.0 13.0 17.0 11.0 16.0 11.0 25.0 24.0 24.0 12.0 16.0 12.0 24.0 19.0 17.0 17.0 18.0 18.0 13.0 18.0 12.0 23.0 607.5
0.0 0.0 0.0 0.0 0.0 0.0 0.0 0.0 0.0 0.0 0.0 0.0 0.0 0.0 0.0 0.0 0.0 0.0 0.0 -1.0 0.0 0.0 0.0 0.0 0.0 0.0 0.0 0.0 0.0 0.0 0.0 0.0 0.0 0.0 0.0 0.0 0.0 0.0 0.0 0.0 0.0 0.0 0.0 0.0 0.0 0.0 0.0 0.0 0.0 12.0 20.0 23.0 21.0 17.0 10.0 15.0 22.0 24.0 18.0 25.0 24.0 23.0 19.0 23.0 23.0 12.0 23.0 11.0 19.0 25.0 631.5
0.0 0.0 0.0 0.0 0.0 0.0 0.0 0.0 0.0 0.0 0.0 0.0 0.0 0.0 0.0 0.0 0.0 0.0 0.0 0.0 -1.0 0.0 0.0 0.0 0.0 0.0 0.0 0.0 0.0 0.0 0.0 0.0 0.0 0.0 0.0 0.0 0.0 0.0 0.0 0.0 0.0 0.0 0.0 0.0 0.0 0.0 0.0 0.0 0.0 20.0 25.0 24.0 14.0 25.0 22.0 10.0 17.0 12.0 23.0 22.0 24.0 20.0 17.0 22.0 10.0 25.0 13.0 12.0 23.0 24.0 667.5
0.0 0.0 0.0 0.0 0.0 0.0 0.0 0.0 0.0 0.0 0.0 0.0 0.0 0.0 0.0 0.0 0.0 0.0 0.0 0.0 0.0 -1.0 0.0 0.0 0.0 0.0 0.0 0.0 0.0 0.0 0.0 0.0 0.0 0.0 0.0 0.0 0.0 0.0 0.0 0.0 0.0 0.0 0.0 0.0 0.0 0.0 0.0 0.0 0.0 12.0 12.0 19.0 25.0 11.0 23.0 22.0 14.0 11.0 11.0 18.0 14.0 15.0 17.0 19.0 16.0 22.0 16.0 25.0 15.0 14.0 586.0
0.0 0.0 0.0 0.0 0.0 0.0 0.0 0.0 0.0 0.0 0.0 0.0 0.0 0.0 0.0 0.0 0.0 0.0 0.0 0.0 0.0 0.0 -1.0 0.0 0.0 0.0 0.0 0.0 0.0 0.0 0.0 0.0 0.0 0.0 0.0 0.0 0.0 0.0 0.0 0.0 0.0 0.0 0.0 0.0 0.0 0.0 0.0 0.0 0.0 10.0 16.0 20.0 15.0 25.0 12.0 24.0 22.0 16.0 18.0 17.0 17.0 13.0 18.0 11.0 14.0 11.0 20.0 14.0 22.0 19.0 605.0
0.0 0.0 0.0 0.0 0.0 0.0 0.0 0.0 0.0 0.0 0.0 0.0 0.0 0.0 0.0 0.0 0.0 0.0 0.0 0.0 0.0 0.0 0.0 -1.0 0.0 0.0 0.0 0.0 0.0 0.0 0.0 0.0 0.0 0.0 0.0 0.0 0.0 0.0 0.0 0.0 0.0 0.0 0.0 0.0 0.0 0.0 0.0 0.0 0.0 17.0 17.0 22.0 10.0 16.0 25.0 14.0 24.0 13.0 11.0 15.0 20.0 15.0 23.0 20.0 18.0 12.0 16.0 20.0 10.0 16.0 579.5
0.0 0.0 0.0 0.0 0.0 0.0 0.0 0.0 0.0 0.0 0.0 0.0 0.0 0.0 0.0 0.0 0.0 0.0 0.0 0.0 0.0 0.0 0.0 0.0 -1.0 0.0 0.0 0.0 0.0 0.0 0.0 0.0 0.0 0.0 0.0 0.0 0.0 0.0 0.0 0.0 0.0 0.0 0.0 0.0 0.0 0.0 0.0 0.0 0.0 19.0 22.0 19.0 15.0 25.0 17.0 25.0 14.0 10.0 15.0 21.0 25.0 23.0 11.0 13.0 25.0 16.0 11.0 21.0 24.0 11.0 618.0
0.0 0.0 0.0 0.0 0.0 0.0 0.0 0.0 0.0 0.0 0.0 0.0 0.0 0.0 0.0 0.0 0.0 0.0 0.0 0.0 0.0 0.0 0.0 0.0 0.0 -1.0 0.0 0.0 0.0 0.0 0.0 0.0 0.0 0.0 0.0 0.0 0.0 0.0 0.0 0.0 0.0 0.0 0.0 0.0 0.0 0.0 0.0 0.0 0.0 22.0 10.0 11.0 12.0 17.0 19.0 13.0 11.0 14.0 15.0 16.0 19.0 24.0 25.0 20.0 18.0 25.0 12.0 16.0 10.0 23.0 613.0
0.0 0.0 0.0 0.0 0.0 0.0 0.0 0.0 0.0 0.0 0.0 0.0 0.0 0.0 0.0 0.0 0.0 0.0 0.0 0.0 0.0 0.0 0.0 0.0 0.0 0.0 -1.0 0.0 0.0 0.0 0.0 0.0 0.0 0.0 0.0 0.0 0.0 0.0 0.0 0.0 0.0 0.0 0.0 0.0 0.0 0.0 0.0 0.0 0.0 13.0 14.0 25.0 17.0 22.0 16.0 21.0 24.0 22.0 11.0 23.0 10.0 12.0 11.0 22.0 13.0 10.0 10.0 25.0 22.0 14.0 606.5
0.0 0.0 0.0 0.0 0.0 0.0 0.0 0.0 0.0 0.0 0.0 0.0 0.0 0.0 0.0 0.0 0.0 0.0 0.0 0.0 0.0 0.0 0.0 0.0 0.0 0.0 0.0 -1.0 0.0 0.0 0.0 0.0 0.0 0.0 0.0 0.0 0.0 0.0 0.0 0.0 0.0 0.0 0.0 0.0 0.0 0.0 0.0 0.0 0.0 19.0 25.0 13.0 19.0 11.0 16.0 14.0 24.0 25.0 18.0 16.0 10.0 14.0 17.0 10.0 22.0 14.0 19.0 16.0 18.0 24.0 624.0
0.0 0.0 0.0 0.0 0.0 0.0 0.0 0.0 0.0 0.0 0.0 0.0 0.0 0.0 0.0 0.0 0.0 0.0 0.0 0.0 0.0 0.0 0.0 0.0 0.0 0.0 0.0 0.0 -1.0 0.0 0.0 0.0 0.0 0.0 0.0 0.0 0.0 0.0 0.0 0.0 0.0 0.0 0.0 0.0 0.0 0.0 0.0 0.0 0.0 23.0 20.0 25.0 20.0 16.0 13.0 23.0 20.0 20.0 25.0 13.0 25.0 16.0 19.0 25.0 14.0 10.0 18.0 22.0 23.0 11.0 628.0
0.0 0.0 0.0 0.0 0.0 0.0 0.0 0.0 0.0 0.0 0.0 0.0 0.0 0.0 0.0 0.0 0.0 0.0 0.0 0.0 0.0 0.0 0.0 0.0 0.0 0.0 0.0 0.0 0.0 -1.0 0.0 0.0 0.0 0.0 0.0 0.0 0.0 0.0 0.0 0.0 0.0 0.0 0.0 0.0 0.0 0.0 0.0 0.0 0.0 20.0 17.0 12.0 20.0 22.0 15.0 13.0 21.0 20.0 23.0 23.0 12.0 22.0 15.0 17.0 16.0 16.0 18.0 21.0 17.0 16.0 598.5
0.0 0.0 0.0 0.0 0.0 0.0 0.0 0.0 0.0 0.0 0.0 0.0 0.0 0.0 0.0 0.0 0.0 0.0 0.0 0.0 0.0 0.0 0.0 0.0 0.0 0.0 0.0 0.0 0.0 0.0 -1.0 0.0 0.0 0.0 0.0 0.0 0.0 0.0 0.0 0.0 0.0 0.0 0.0 0.0 0.0 0.0 0.0 0.0 0.0 14.0 10.0 18.0 21.0 22.0 11.0 17.0 11.0 24.0 18.0 19.0 16.0 12.0 11.0 24.0 16.0 21.0 24.0 12.0 17.0 19.0 607.0
0.0 0.0 0.0 0.0 0.0 0.0 0.0 0.0 0.0 0.0 0.0 0.0 0.0 0.0 0.0 0.0 0.0 0.0 0.0 0.0 0.0 0.0 0.0 0.0 0.0 0.0 0.0 0.0 0.0 0.0 0.0 -1.0 0.0 0.0 0.0 0.0 0.0 0.0 0.0 0.0 0.0 0.0 0.0 0.0 0.0 0.0 0.0 0.0 0.0 22.0 24.0 13.0 20.0 13.0 18.0 14.0 19.0 24.0 23.0 10.0 22.0 20.0 22.0 16.0 25.0 22.0 12.0 11.0 17.0 12.0 609.5
0.0 0.0 0.0 0.0 0.0 0.0 0.0 0.0 0.0 0.0 0.0 0.0 0.0 0.0 0.0 0.0 0.0 0.0 0.0 0.0 0.0 0.0 0.0 0.0 0.0 0.0 0.0 0.0 0.0 0.0 0.0 0.0 -1.0 0.0 0.0 0.0 0.0 0.0 0.0 0.0 0.0 0.0 0.0 0.0 0.0 0.0 0.0 0.0 0.0 18.0 10.0 24.0 11.0 21.0 12.0 23.0 22.0 18.0 25.0 24.0 21.0 10.0 19.0 15.0 17.0 21.0 19.0 14.0 10.0 25.0 600.0
0.0 0.0 0.0 0.0 0.0 0.0 0.0 0.0 0.0 0.0 0.0 0.0 0.0 0.0 0.0 0.0 0.0 0.0 0.0 0.0 0.0 0.0 0.0 0.0 0.0 0.0 0.0 0.0 0.0 0.0 0.0 0.0 0.0 -1.0 0.0 0.0 0.0 0.0 0.0 0.0 0.0 0.0 0.0 0.0 0.0 0.0 0.0 0.0 0.0 22.0 22.0 12.0 16.0 12.0 25.0 18.0 10.0 19.0 16.0 22.0 21.0 14.0 22.0 14.0 23.0 19.0 11.0 15.0 17.0 10.0 601.5
0.0 0.0 0.0 0.0 0.0 0.0 0.0 0.0 0.0 0.0 0.0 0.0 0.0 0.0 0.0 0.0 0.0 0.0 0.0 0.0 0.0 0.0 0.0 0.0 0.0 0.0 0.0 0.0 0.0 0.0 0.0 0.0 0.0 0.0 -1.0 0.0 0.0 0.0 0.0 0.0 0.0 0.0 0.0 0.0 0.0 0.0 0.0 0.0 0.0 21.0 14.0 11.0 24.0 10.0 20.0 25.0 25.0 23.0 21.0 12.0 12.0 16.0 10.0 21.0 25.0 15.0 19.0 16.0 13.0 15.0 610.0
0.0 0.0 0.0 0.0 0.0 0.0 0.0 0.0 0.0 0.0 0.0 0.0 0.0 0.0 0.0 0.0 0.0 0.0 0.0 0.0 0.0 0.0 0.0 0.0 0.0 0.0 0.0 0.0 0.0 0.0 0.0 0.0 0.0 0.0 0.0 -1.0 0.0 0.0 0.0 0.0 0.0 0.0 0.0 0.0 0.0 0.0 0.0 0.0 0.0 15.0 12.0 14.0 18.0 23.0 16.0 18.0 22.0 21.0 13.0 22.0 10.0 11.0 21.0 15.0 10.0 24.0 22.0 24.0 22.0 20.0 619.0
0.0 0.0 0.0 0.0 0.0 0.0 0.0 0.0 0.0 0.0 0.0 0.0 0.0 0.0 0.0 0.0 0.0 0.0 0.0 0.0 0.0 0.0 0.0 0.0 0.0 0.0 0.0 0.0 0.0 0.0 0.0 0.0 0.0 0.0 0.0 0.0 -1.0 0.0 0.0 0.0 0.0 0.0 0.0 0.0 0.0 0.0 0.0 0.0 0.0 22.0 23.0 16.0 23.0 11.0 11.0 12.0 24.0 23.0 17.0 24.0 10.0 25.0 11.0 24.0 19.0 16.0 19.0 11.0 20.0 25.0 632.5
0.0 0.0 0.0 0.0 0.0 0.0 0.0 0.0 0.0 0.0 0.0 0.0 0.0 0.0 0.0 0.0 0.0 0.0 0.0 0.0 0.0 0.0 0.0 0.0 0.0 0.0 0.0 0.0 0.0 0.0 0.0 0.0 0.0 0.0 0.0 0.0 0.0 -1.0 0.0 0.0 0.0 0.0 0.0 0.0 0.0 0.0 0.0 0.0 0.0 16.0 11.0 15.0 18.0 11.0 22.0 16.0 24.0 16.0 24.0 20.0 23.0 16.0 10.0 17.0 22.0 20.0 17.0 21.0 19.0 17.0 597.0
0.0 0.0 0.0 0.0 0.0 0.0 0.0 0.0 0.0 0.0 0.0 0.0 0.0 0.0 0.0 0.0 0.0 0.0 0.0 0.0 0.0 0.0 0.0 0.0 0.0 0.0 0.0 0.0 0.0 0.0 0.0 0.0 0.0 0.0 0.0 0.0 0.0 0.0 -1.0 0.0 0.0 0.0 0.0 0.0 0.0 0.0 0.0 0.0 0.0 13.0 17.0 12.0 11.0 23.0 13.0 21.0 14.0 14.0 14.0 11.0 20.0 21.0 18.0 20.0 16.0 17.0 21.0 17.0 20.0 19.0 616.0
0.0 0.0 0.0 0.0 0.0 0.0 0.0 0.0 0.0 0.0 0.0 0.0 0.0 0.0 0.0 0.0 0.0 0.0 0.0 0.0 0.0 0.0 0.0 0.0 0.0 0.0 0.0 0.0 0.0 0.0 0.0 0.0 0.0 0.0 0.0 0.0 0.0 0.0 0.0 -1.0 0.0 0.0 0.0 0.0 0.0 0.0 0.0 0.0 0.0 17.0 22.0 20.0 20.0 17.0 19.0 21.0 15.0 19.0 21.0 18.0 11.0 18.0 10.0 15.0 16.0 12.0 10.0 21.0 24.0 19.0 620.5
0.0 0.0 0.0 0.0 0.0 0.0 0.0 0.0 0.0 0.0 0.0 0.0 0.0 0.0 0.0 0.0 0.0 0.0 0.0 0.0 0.0 0.0 0.0 0.0 0.0 0.0 0.0 0.0 0.0 0.0 0.0 0.0 0.0 0.0 0.0 0.0 0.0 0.0 0.0 0.0 -1.0 0.0 0.0 0.0 0.0 0.0 0.0 0.0 0.0 16.0 22.0 12.0 25.0 13.0 22.0 16.0 13.0 13.0 22.0 10.0 19.0 18.0 24.0 24.0 25.0 12.0 13.0 22.0 21.0 16.0 632.5
0.0 0.0 0.0 0.0 0.0 0.0 0.0 0.0 0.0 0.0 0.0 0.0 0.0 0.0 0.0 0.0 0.0 0.0 0.0 0.0 0.0 0.0 0.0 0.0 0.0 0.0 0.0 0.0 0.0 0.0 0.0 0.0 0.0 0.0 0.0 0.0 0.0 0.0 0.0 0.0 0.0 -1.0 0.0 0.0 0.0 0.0 0.0 0.0 0.0 19.0 11.0 17.0 13.0 23.0 24.0 19.0 24.0 20.0 23.0 18.0 14.0 21.0 14.0 23.0 15.0 21.0 11.0 13.0 10.0 21.0 626.0
0.0 0.0 0.0 0.0 0.0 0.0 0.0 0.0 0.0 0.0 0.0 0.0 0.0 0.0 0.0 0.0 0.0 0.0 0.0 0.0 0.0 0.0 0.0 0.0 0.0 0.0 0.0 0.0 0.0 0.0 0.0 0.0 0.0 0.0 0.0 0.0 0.0 0.0 0.0 0.0 0.0 0.0 -1.0 0.0 0.0 0.0 0.0 0.0 0.0 13.0 11.0 11.0 16.0 24.0 17.0 11.0 12.0 25.0 17.0 13.0 18.0 13.0 11.0 16.0 15.0 20.0 13.0 18.0 11.0 13.0 597.0
0.0 0.0 0.0 0.0 0.0 0.0 0.0 0.0 0.0 0.0 0.0 0.0 0.0 0.0 0.0 0.0 0.0 0.0 0.0 0.0 0.0 0.0 0.0 0.0 0.0 0.0 0.0 0.0 0.0 0.0 0.0 0.0 0.0 0.0 0.0 0.0 0.0 0.0 0.0 0.0 0.0 0.0 0.0 -1.0 0.0 0.0 0.0 0.0 0.0 16.0 19.0 25.0 20.0 14.0 17.0 13.0 16.0 23.0 17.0 17.0 12.0 16.0 13.0 10.0 19.0 19.0 21.0 25.0 11.0 24.0 603.5
0.0 0.0 0.0 0.0 0.0 0.0 0.0 0.0 0.0 0.0 0.0 0.0 0.0 0.0 0.0 0.0 0.0 0.0 0.0 0.0 0.0 0.0 0.0 0.0 0.0 0.0 0.0 0.0 0.0 0.0 0.0 0.0 0.0 0.0 0.0 0.0 0.0 0.0 0.0 0.0 0.0 0.0 0.0 0.0 -1.0 0.0 0.0 0.0 0.0 11.0 15.0 13.0 23.0 17.0 16.0 21.0 20.0 19.0 24.0 13.0 21.0 22.0 24.0 12.0 13.0 16.0 23.0 12.0 24.0 15.0 602.5
0.0 0.0 0.0 0.0 0.0 0.0 0.0 0.0 0.0 0.0 0.0 0.0 0.0 0.0 0.0 0.0 0.0 0.0 0.0 0.0 0.0 0.0 0.0 0.0 0.0 0.0 0.0 0.0 0.0 0.0 0.0 0.0 0.0 0.0 0.0 0.0 0.0 0.0 0.0 0.0 0.0 0.0 0.0 0.0 0.0 -1.0 0.0 0.0 0.0 25.0 19.0 22.0 23.0 18.0 15.0 15.0 21.0 15.0 13.0 21.0 21.0 25.0 15.0 25.0 19.0 23.0 18.0 19.0 24.0 20.0 632.5
0.0 0.0 0.0 0.0 0.0 0.0 0.0 0.0 0.0 0.0 0.0 0.0 0.0 0.0 0.0 0.0 0.0 0.0 0.0 0.0 0.0 0.0 0.0 0.0 0.0 0.0 0.0 0.0 0.0 0.0 0.0 0.0 0.0 0.0 0.0 0.0 0.0 0.0 0.0 0.0 0.0 0.0 0.0 0.0 0.0 0.0 -1.0 0.0 0.0 23.0 13.0 21.0 16.0 19.0 12.0 17.0 22.0 17.0 10.0 12.0 15.0 10.0 13.0 14.0 20.0 18.0 18.0 19.0 15.0 24.0 605.0
0.0 0.0 0.0 0.0 0.0 0.0 0.0 0.0 0.0 0.0 0.0 0.0 0.0 0.0 0.0 0.0 0.0 0.0 0.0 0.0 0.0 0.0 0.0 0.0 0.0 0.0 0.0 0.0 0.0 0.0 0.0 0.0 0.0 0.0 0.0 0.0 0.0 0.0 0.0 0.0 0.0 0.0 0.0 0.0 0.0 0.0 0.0 -1.0 0.0 20.0 13.0 22.0 16.0 20.0 24.0 20.0 19.0 10.0 14.0 25.0 19.0 13.0 24.0 17.0 20.0 25.0 18.0 25.0 22.0 16.0 631.0
0.0 0.0 0.0 0.0 0.0 0.0 0.0 0.0 0.0 0.0 0.0 0.0 0.0 0.0 0.0 0.0 0.0 0.0 0.0 0.0 0.0 0.0 0.0 0.0 0.0 0.0 0.0 0.0 0.0 0.0 0.0 0.0 0.0 0.0 0.0 0.0 0.0 0.0 0.0 0.0 0.0 0.0 0.0 0.0 0.0 0.0 0.0 0.0 -1.0 19.0 17.0 16.0 22.0 10.0 24.0 19.0 23.0 19.0 18.0 11.0 14.0 22.0 17.0 16.0 25.0 25.0 18.0 18.0 21.0 19.0 635.5
