15 30 
15.0 11.0 5.0 7.0 5.0 5.0 10.0 15.0 14.0 12.0 7.0 8.0 13.0 7.0 6.0 11.0 11.0 12.0 14.0 12.0 12.0 6.0 15.0 14.0 8.0 5.0 11.0 12.0 13.0 15.0
-1.0 0.0 0.0 0.0 0.0 0.0 0.0 0.0 0.0 0.0 0.0 0.0 0.0 0.0 0.0 12.0 11.0 14.0 5.0 5.0 12.0 5.0 11.0 11.0 13.0 15.0 6.0 10.0 9.0 7.0 151.0
0.0 -1.0 0.0 0.0 0.0 0.0 0.0 0.0 0.0 0.0 0.0 0.0 0.0 0.0 0.0 15.0 9.0 9.0 15.0 15.0 14.0 12.0 15.0 10.0 8.0 6.0 6.0 12.0 6.0 6.0 153.5
0.0 0.0 -1.0 0.0 0.0 0.0 0.0 0.0 0.0 0.0 0.0 0.0 0.0 0.0 0.0 15.0 9.0 5.0 12.0 8.0 6.0 15.0 11.0 15.0 14.0 6.0 8.0 14.0 11.0 15.0 157.5
0.0 0.0 0.0 -1.0 0.0 0.0 0.0 0.0 0.0 0.0 0.0 0.0 0.0 0.0 0.0 8.0 9.0 5.0 14.0 9.0 6.0 11.0 12.0 15.0 6.0 8.0 7.0 13.0 12.0 10.0 150.5
0.0 0.0 0.0 0.0 -1.0 0.0 0.0 0.0 0.0 0.0 0.0 0.0 0.0 0.0 0.0 9.0 14.0 11.0 15.0 15.0 10.0 8.0 7.0 7.0 10.0 14.0 9.0 14.0 8.0 13.0 158.5
0.0 0.0 0.0 0.0 0.0 -1.0 0.0 0.0 0.0 0.0 0.0 0.0 0.0 0.0 0.0 12.0 10.0 10.0 8.0 9.0 14.0 7.0 10.0 13.0 7.0 6.0 8.0 12.0 5.0 9.0 147.5
0.0 0.0 0.0 0.0 0.0 0.0 -1.0 0.0 0.0 0.0 0.0 0.0 0.0 0.0 0.0 9.0 9.0 6.0 8.0 11.0 6.0 6.0 7.0 12.0 12.0 9.0 12.0 15.0 9.0 7.0 151.0
0.0 0.0 0.0 0.0 0.0 0.0 0.0 -1.0 0.0 0.0 0.0 0.0 0.0 0.0 0.0 15.0 6.0 10.0 5.0 12.0 9.0 6.0 7.0 5.0 12.0 6.0 13.0 12.0 14.0 9.0 145.5
0.0 0.0 0.0 0.0 0.0 0.0 0.0 0.0 -1.0 0.0 0.0 0.0 0.0 0.0 0.0 6.0 6.0 8.0 12.0 15.0 12.0 11.0 14.0 8.0 11.0 15.0 6.0 8.0 9.0 13.0 153.5
0.0 0.0 0.0 0.0 0.0 0.0 0.0 0.0 0.0 -1.0 0.0 0.0 0.0 0.0 0.0 11.0 5.0 15.0 14.0 7.0 6.0 14.0 13.0 7.0 13.0 7.0 13.0 13.0 8.0 15.0 152.5
0.0 0.0 0.0 0.0 0.0 0.0 0.0 0.0 0.0 0.0 -1.0 0.0 0.0 0.0 0.0 13.0 11.0 13.0 13.0 10.0 7.0 11.0 15.0 9.0 11.0 10.0 6.0 10.0 13.0 15.0 152.5
0.0 0.0 0.0 0.0 0.0 0.0 0.0 0.0 0.0 0.0 0.0 -1.0 0.0 0.0 0.0 5.0 15.0 13.0 14.0 12.0 8.0 9.0 11.0 9.0 11.0 8.0 7.0 9.0 11.0 8.0 144.0
0.0 0.0 0.0 0.0 0.0 0.0 0.0 0.0 0.0 0.0 0.0 0.0 -1.0 0.0 0.0 5.0 12.0 7.0 7.0 10.0 9.0 15.0 14.0 10.0 8.0 10.0 11.0 15.0 8.0 6.0 144.5
0.0 0.0 0.0 0.0 0.0 0.0 0.0 0.0 0.0 0.0 0.0 0.0 0.0 -1.0 0.0 14.0 11.0 14.0 5.0 9.0 10.0 13.0 11.0 12.0 8.0 10.0 12.0 10.0 7.0 11.0 146.5
0.0 0.0 0.0 0.0 0.0 0.0 0.0 0.0 0.0 0.0 0.0 0.0 0.0 0.0 -1.0 5.0 5.0 14.0 15.0 14.0 13.0 12.0 5.0 15.0 13.0 9.0 13.0 5.0 6.0 12.0 153.5
