57 70 
18.0 18.0 23.0 25.0 16.0 11.0 16.0 14.0 19.0 17.0 24.0 25.0 18.0 15.0 18.0 24.0 15.0 17.0 12.0 20.0 19.0 16.0 14.0 25.0 15.0 17.0 13.0 20.0 14.0 25.0 13.0 19.0 25.0 11.0 21.0 16.0 20.0 19.0 20.0 16.0 21.0 24.0 11.0 24.0 11.0 16.0 10.0 12.0 21.0 22.0 18.0 18.0 24.0 24.0 23.0 11.0 18.0 24.0 14.0 24.0 19.0 22.0 21.0 20.0 11.0 23.0 13.0 19.0 18.0 13.0
25.0 21.0 18.0 25.0 23.0 16.0 11.0 13.0 17.0 11.0 12.0 23.0 22.0 23.0 13.0 17.0 22.0 19.0 15.0 18.0 17.0 23.0 25.0 18.0 14.0 21.0 24.0 18.0 13.0 21.0 24.0 10.0 11.0 10.0 21.0 25.0 12.0 13.0 21.0 17.0 13.0 25.0 11.0 15.0 18.0 13.0 17.0 14.0 25.0 20.0 21.0 25.0 25.0 15.0 11.0 17.0 13.0 18.0 11.0 22.0 12.0 17.0 24.0 20.0 14.0 23.0 19.0 11.0 10.0 20.0 620.5
18.0 10.0 15.0 25.0 19.0 15.0 16.0 14.0 11.0 18.0 19.0 15.0 25.0 16.0 19.0 24.0 16.0 25.0 10.0 19.0 16.0 19.0 24.0 19.0 10.0 17.0 18.0 17.0 16.0 17.0 23.0 10.0 20.0 12.0 18.0 22.0 13.0 22.0 19.0 23.0 19.0 12.0 17.0 21.0 12.0 16.0 14.0 10.0 25.0 17.0 12.0 20.0 15.0 11.0 18.0 19.0 20.0 13.0 19.0 18.0 18.0 20.0 18.0 19.0 25.0 23.0 22.0 12.0 17.0 16.0 611.0
20.0 11.0 17.0 14.0 21.0 23.0 22.0 11.0 11.0 16.0 10.0 17.0 19.0 19.0 19.0 23.0 23.0 17.0 20.0 17.0 17.0 15.0 25.0 21.0 10.0 16.0 16.0 14.0 25.0 11.0 25.0 15.0 14.0 24.0 16.0 18.0 24.0 15.0 23.0 25.0 13.0 23.0 19.0 16.0 15.0 20.0 11.0 13.0 12.0 23.0 13.0 25.0 25.0 15.0 25.0 10.0 21.0 13.0 15.0 25.0 16.0 24.0 19.0 13.0 12.0 19.0 21.0 20.0 17.0 14.0 623.0
21.0 25.0 17.0 13.0 19.0 17.0 13.0 25.0 14.0 22.0 12.0 13.0 18.0 17.0 19.0 19.0 19.0 14.0 16.0 16.0 11.0 20.0 19.0 12.0 18.0 15.0 21.0 18.0 15.0 21.0 24.0 23.0 10.0 16.0 14.0 19.0 14.0 20.0 10.0 19.0 19.0 25.0 21.0 25.0 12.0 17.0 14.0 17.0 11.0 16.0 12.0 10.0 22.0 13.0 11.0 23.0 13.0 13.0 19.0 17.0 10.0 10.0 11.0 15.0 22.0 23.0 18.0 24.0 21.0 15.0 593.5
20.0 19.0 16.0 25.0 10.0 22.0 23.0 13.0 20.0 11.0 16.0 20.0 19.0 22.0 13.0 23.0 22.0 16.0 19.0 24.0 13.0 17.0 24.0 18.0 22.0 11.0 24.0 24.0 25.0 17.0 23.0 15.0 10.0 13.0 12.0 16.0 13.0 17.0 11.0 14.0 21.0 15.0 22.0 14.0 20.0 12.0 12.0 13.0 14.0 20.0 18.0 20.0 17.0 10.0 23.0 18.0 12.0 16.0 24.0 10.0 16.0 24.0 24.0 13.0 16.0 14.0 17.0 12.0 20.0 11.0 605.0
13.0 16.0 15.0 13.0 14.0 22.0 22.0 16.0 22.0 11.0 10.0 18.0 23.0 10.0 13.0 10.0 10.0 16.0 19.0 16.0 18.0 23.0 11.0 13.0 13.0 12.0 10.0 21.0 12.0 13.0 21.0 18.0 22.0 13.0 16.0 13.0 21.0 21.0 25.0 17.0 17.0 19.0 17.0 12.0 21.0 12.0 19.0 21.0 14.0 14.0 21.0 19.0 20.0 20.0 25.0 18.0 23.0 10.0 11.0 24.0 21.0 15.0 23.0 19.0 14.0 10.0 24.0 23.0 14.0 15.0 588.5
20.0 20.0 12.0 23.0 13.0 21.0 11.0 20.0 15.0 18.0 23.0 14.0 15.0 15.0 21.0 18.0 18.0 13.0 12.0 20.0 10.0 17.0 12.0 17.0 10.0 13.0 18.0 11.0 20.0 18.0 18.0 19.0 19.0 20.0 14.0 23.0 16.0 13.0 14.0 25.0 15.0 12.0 15.0 20.0 22.0 17.0 16.0 19.0 12.0 13.0 19.0 15.0 12.0 21.0 19.0 12.0 15.0 15.0 17.0 18.0 10.0 14.0 20.0 21.0 21.0 13.0 25.0 19.0 15.0 13.0 582.0
11.0 20.0 15.0 24.0 15.0 18.0 12.0 21.0 20.0 11.0 17.0 20.0 12.0 24.0 21.0 10.0 24.0 13.0 18.0 16.0 11.0 22.0 10.0 13.0 16.0 14.0 14.0 16.0 13.0 12.0 10.0 18.0 18.0 20.0 22.0 23.0 17.0 13.0 20.0 23.0 16.0 18.0 23.0 16.0 17.0 10.0 12.0 24.0 17.0 21.0 13.0 25.0 11.0 24.0 20.0 13.0 12.0 20.0 19.0 13.0 21.0 13.0 12.0 10.0 16.0 10.0 20.0 12.0 20.0 17.0 581.0
17.0 11.0 11.0 16.0 20.0 25.0 14.0 21.0 24.0 19.0 18.0 13.0 23.0 19.0 21.0 16.0 15.0 20.0 19.0 25.0 25.0 20.0 11.0 17.0 19.0 11.0 15.0 14.0 10.0 20.0 11.0 20.0 11.0 16.0 22.0 22.0 15.0 25.0 14.0 20.0 25.0 24.0 21.0 23.0 17.0 18.0 24.0 15.0 15.0 17.0 23.0 19.0 24.0 24.0 14.0 10.0 16.0 24.0 17.0 10.0 16.0 15.0 12.0 10.0 12.0 20.0 18.0 19.0 23.0 22.0 626.0
11.0 13.0 16.0 10.0 19.0 17.0 17.0 16.0 24.0 14.0 20.0 19.0 19.0 15.0 23.0 25.0 20.0 18.0 18.0 12.0 13.0 16.0 10.0 17.0 24.0 11.0 10.0 23.0 19.0 11.0 12.0 13.0 25.0 10.0 17.0 23.0 12.0 20.0 20.0 25.0 19.0 17.0 20.0 13.0 12.0 14.0 17.0 19.0 25.0 17.0 11.0 13.0 14.0 16.0 10.0 21.0 23.0 18.0 24.0 13.0 10.0 21.0 10.0 18.0 15.0 20.0 21.0 16.0 11.0 15.0 585.0
14.0 18.0 11.0 15.0 23.0 19.0 11.0 23.0 19.0 24.0 19.0 12.0 13.0 18.0 23.0 15.0 25.0 13.0 23.0 22.0 22.0 11.0 15.0 20.0 13.0 14.0 25.0 22.0 24.0 18.0 15.0 19.0 17.0 18.0 22.0 15.0 18.0 11.0 10.0 15.0 11.0 12.0 14.0 25.0 24.0 25.0 19.0 12.0 18.0 15.0 18.0 12.0 19.0 25.0 12.0 21.0 19.0 11.0 24.0 22.0 21.0 22.0 14.0 23.0 18.0 20.0 22.0 23.0 13.0 11.0 624.5
13.0 12.0 19.0 20.0 25.0 19.0 23.0 10.0 25.0 14.0 23.0 24.0 25.0 19.0 19.0 13.0 21.0 25.0 16.0 14.0 18.0 11.0 17.0 14.0 13.0 16.0 25.0 20.0 11.0 21.0 10.0 19.0 16.0 21.0 20.0 22.0 25.0 17.0 23.0 23.0 19.0 25.0 12.0 12.0 10.0 17.0 13.0 21.0 17.0 22.0 12.0 10.0 15.0 17.0 15.0 24.0 18.0 10.0 19.0 25.0 12.0 11.0 11.0 22.0 23.0 11.0 25.0 13.0 23.0 15.0 620.0
24.0 19.0 13.0 24.0 13.0 18.0 15.0 19.0 25.0 16.0 16.0 21.0 19.0 23.0 13.0 12.0 21.0 21.0 16.0 15.0 13.0 12.0 20.0 20.0 11.0 19.0 20.0 22.0 14.0 21.0 14.0 25.0 21.0 18.0 20.0 16.0 17.0 18.0 19.0 12.0 23.0 12.0 15.0 16.0 12.0 20.0 21.0 24.0 19.0 18.0 16.0 15.0 23.0 22.0 20.0 15.0 11.0 17.0 25.0 20.0 25.0 10.0 19.0 15.0 11.0 24.0 19.0 12.0 19.0 21.0 627.0
10.0 14.0 14.0 19.0 18.0 18.0 22.0 18.0 12.0 23.0 20.0 11.0 20.0 18.0 21.0 13.0 13.0 13.0 24.0 11.0 24.0 23.0 15.0 13.0 25.0 20.0 25.0 11.0 11.0 14.0 11.0 24.0 21.0 18.0 24.0 22.0 15.0 10.0 17.0 13.0 21.0 14.0 17.0 16.0 10.0 24.0 20.0 18.0 20.0 24.0 25.0 12.0 25.0 13.0 21.0 25.0 18.0 16.0 14.0 22.0 12.0 18.0 20.0 22.0 14.0 22.0 17.0 23.0 14.0 18.0 621.5
13.0 19.0 25.0 21.0 16.0 24.0 14.0 10.0 17.0 20.0 23.0 22.0 12.0 16.0 15.0 16.0 17.0 24.0 25.0 16.0 10.0 12.0 10.0 18.0 21.0 13.0 15.0 20.0 21.0 10.0 20.0 13.0 24.0 25.0 17.0 19.0 11.0 25.0 21.0 19.0 19.0 24.0 15.0 11.0 23.0 20.0 21.0 21.0 24.0 10.0 24.0 10.0 19.0 23.0 19.0 13.0 22.0 25.0 19.0 13.0 24.0 18.0 15.0 16.0 22.0 10.0 16.0 23.0 15.0 16.0 629.5
23.0 16.0 25.0 12.0 10.0 19.0 19.0 15.0 17.0 18.0 13.0 13.0 23.0 12.0 25.0 17.0 10.0 16.0 17.0 20.0 15.0 12.0 14.0 13.0 24.0 15.0 21.0 14.0 25.0 20.0 18.0 14.0 21.0 21.0 23.0 14.0 25.0 13.0 11.0 11.0 12.0 12.0 17.0 21.0 14.0 14.0 24.0 10.0 14.0 23.0 15.0 16.0 25.0 23.0 22.0 22.0 24.0 13.0 25.0 20.0 13.0 15.0 21.0 16.0 10.0 10.0 21.0 11.0 14.0 11.0 596.0
17.0 15.0 16.0 23.0 17.0 19.0 15.0 13.0 18.0 13.0 25.0 20.0 16.0 12.0 11.0 11.0 20.0 22.0 21.0 21.0 15.0 19.0 21.0 22.0 12.0 19.0 11.0 23.0 18.0 15.0 14.0 23.0 13.0 12.0 18.0 15.0 14.0 11.0 19.0 18.0 25.0 10.0 11.0 25.0 13.0 22.0 21.0 24.0 16.0 23.0 23.0 19.0 10.0 25.0 23.0 17.0 13.0 21.0 20.0 10.0 24.0 20.0 20.0 25.0 13.0 25.0 21.0 15.0 19.0 19.0 624.5
21.0 10.0 18.0 20.0 21.0 25.0 14.0 13.0 11.0 22.0 19.0 12.0 18.0 11.0 23.0 23.0 12.0 15.0 19.0 22.0 13.0 19.0 16.0 22.0 20.0 23.0 25.0 23.0 20.0 14.0 16.0 14.0 12.0 11.0 24.0 11.0 24.0 14.0 13.0 11.0 12.0 14.0 18.0 19.0 24.0 25.0 14.0 22.0 20.0 15.0 14.0 21.0 11.0 21.0 10.0 16.0 19.0 12.0 25.0 21.0 25.0 21.0 15.0 15.0 17.0 25.0 15.0 16.0 16.0 21.0 616.5
11.0 12.0 19.0 24.0 17.0 24.0 21.0 22.0 18.0 20.0 17.0 18.0 24.0 23.0 22.0 23.0 21.0 17.0 11.0 19.0 16.0 25.0 24.0 12.0 10.0 12.0 15.0 25.0 23.0 21.0 19.0 13.0 25.0 13.0 22.0 20.0 22.0 25.0 21.0 17.0 19.0 12.0 22.0 18.0 17.0 19.0 16.0 22.0 19.0 21.0 22.0 18.0 25.0 21.0 10.0 17.0 23.0 13.0 11.0 12.0 13.0 13.0 20.0 11.0 18.0 12.0 24.0 11.0 22.0 18.0 641.0
13.0 19.0 12.0 14.0 20.0 13.0 18.0 25.0 16.0 12.0 15.0 11.0 17.0 18.0 21.0 25.0 18.0 24.0 18.0 14.0 15.0 22.0 20.0 20.0 25.0 25.0 17.0 20.0 25.0 17.0 22.0 14.0 25.0 13.0 14.0 13.0 18.0 19.0 10.0 24.0 20.0 14.0 14.0 21.0 16.0 20.0 22.0 18.0 12.0 14.0 13.0 17.0 14.0 19.0 16.0 24.0 10.0 10.0 10.0 22.0 13.0 23.0 18.0 23.0 14.0 16.0 24.0 16.0 16.0 18.0 614.0
23.0 21.0 15.0 10.0 10.0 10.0 25.0 13.0 21.0 21.0 19.0 10.0 14.0 12.0 25.0 24.0 25.0 24.0 12.0 17.0 17.0 20.0 12.0 23.0 13.0 19.0 22.0 12.0 16.0 10.0 14.0 18.0 11.0 19.0 10.0 18.0 22.0 13.0 22.0 20.0 24.0 12.0 17.0 13.0 23.0 13.0 10.0 22.0 16.0 16.0 21.0 24.0 18.0 12.0 20.0 11.0 17.0 12.0 23.0 19.0 11.0 14.0 11.0 10.0 17.0 18.0 16.0 20.0 11.0 18.0 585.5
14.0 13.0 13.0 11.0 20.0 14.0 10.0 11.0 11.0 20.0 16.0 12.0 12.0 18.0 20.0 24.0 20.0 21.0 25.0 21.0 14.0 16.0 14.0 23.0 12.0 21.0 18.0 10.0 23.0 24.0 24.0 14.0 20.0 12.0 21.0 24.0 24.0 15.0 14.0 23.0 15.0 10.0 25.0 15.0 17.0 14.0 12.0 11.0 16.0 18.0 15.0 23.0 12.0 11.0 19.0 12.0 23.0 11.0 16.0 14.0 17.0 24.0 25.0 25.0 24.0 19.0 18.0 16.0 18.0 24.0 605.5
13.0 23.0 10.0 23.0 13.0 16.0 11.0 18.0 16.0 19.0 10.0 23.0 21.0 10.0 18.0 19.0 22.0 22.0 22.0 25.0 17.0 25.0 15.0 22.0 24.0 21.0 21.0 17.0 17.0 21.0 16.0 16.0 13.0 14.0 16.0 23.0 16.0 21.0 21.0 17.0 12.0 14.0 10.0 25.0 19.0 22.0 14.0 20.0 23.0 24.0 11.0 19.0 14.0 11.0 23.0 17.0 16.0 21.0 10.0 19.0 24.0 20.0 25.0 24.0 12.0 15.0 18.0 11.0 15.0 20.0 627.5
16.0 20.0 18.0 19.0 22.0 18.0 24.0 16.0 14.0 24.0 10.0 23.0 11.0 18.0 25.0 18.0 12.0 11.0 23.0 10.0 18.0 14.0 17.0 25.0 14.0 16.0 24.0 15.0 12.0 14.0 20.0 22.0 25.0 17.0 11.0 17.0 11.0 13.0 13.0 21.0 21.0 15.0 23.0 11.0 19.0 24.0 15.0 24.0 24.0 23.0 15.0 24.0 19.0 16.0 13.0 23.0 24.0 16.0 15.0 23.0 20.0 12.0 12.0 17.0 14.0 10.0 15.0 11.0 14.0 11.0 607.0
13.0 19.0 25.0 12.0 16.0 23.0 18.0 23.0 16.0 13.0 18.0 11.0 20.0 24.0 17.0 15.0 10.0 22.0 16.0 16.0 23.0 20.0 20.0 18.0 19.0 21.0 24.0 17.0 21.0 24.0 22.0 23.0 15.0 17.0 11.0 19.0 14.0 10.0 13.0 18.0 18.0 13.0 12.0 13.0 15.0 25.0 25.0 12.0 24.0 13.0 13.0 15.0 16.0 21.0 15.0 13.0 18.0 20.0 10.0 20.0 15.0 14.0 15.0 23.0 17.0 11.0 24.0 24.0 14.0 15.0 609.5
23.0 21.0 22.0 16.0 15.0 18.0 20.0 16.0 16.0 13.0 11.0 14.0 14.0 12.0 11.0 22.0 18.0 17.0 20.0 11.0 14.0 13.0 11.0 20.0 14.0 19.0 21.0 17.0 16.0 18.0 20.0 23.0 22.0 25.0 11.0 19.0 11.0 25.0 21.0 16.0 21.0 12.0 23.0 13.0 17.0 16.0 13.0 14.0 20.0 21.0 23.0 13.0 22.0 20.0 24.0 18.0 11.0 24.0 14.0 25.0 12.0 17.0 21.0 17.0 10.0 13.0 23.0 22.0 10.0 19.0 607.0
25.0 24.0 16.0 25.0 21.0 17.0 23.0 16.0 23.0 12.0 17.0 12.0 25.0 21.0 14.0 10.0 22.0 19.0 16.0 13.0 12.0 14.0 18.0 24.0 22.0 17.0 17.0 19.0 24.0 25.0 15.0 19.0 24.0 21.0 17.0 20.0 25.0 16.0 17.0 25.0 21.0 10.0 21.0 22.0 20.0 23.0 21.0 15.0 13.0 23.0 18.0 25.0 13.0 10.0 20.0 14.0 24.0 24.0 19.0 10.0 18.0 11.0 24.0 17.0 21.0 13.0 12.0 23.0 17.0 14.0 649.0
13.0 20.0 10.0 20.0 20.0 22.0 16.0 21.0 12.0 17.0 17.0 14.0 11.0 10.0 25.0 16.0 19.0 25.0 13.0 12.0 16.0 13.0 12.0 13.0 22.0 13.0 19.0 15.0 12.0 15.0 17.0 23.0 22.0 22.0 20.0 18.0 10.0 10.0 19.0 17.0 11.0 24.0 14.0 22.0 10.0 13.0 16.0 24.0 21.0 21.0 16.0 23.0 21.0 24.0 10.0 10.0 18.0 16.0 22.0 13.0 25.0 13.0 10.0 10.0 10.0 16.0 19.0 12.0 18.0 21.0 582.0
15.0 12.0 17.0 24.0 22.0 10.0 14.0 10.0 21.0 18.0 20.0 21.0 22.0 18.0 17.0 16.0 22.0 25.0 10.0 16.0 11.0 16.0 23.0 18.0 24.0 19.0 21.0 23.0 11.0 11.0 15.0 25.0 17.0 14.0 21.0 11.0 15.0 25.0 17.0 20.0 20.0 11.0 17.0 20.0 21.0 11.0 20.0 20.0 25.0 10.0 19.0 16.0 19.0 15.0 17.0 24.0 16.0 11.0 15.0 21.0 18.0 21.0 12.0 15.0 18.0 23.0 19.0 22.0 13.0 19.0 617.5
14.0 15.0 19.0 12.0 22.0 25.0 24.0 13.0 22.0 21.0 25.0 24.0 15.0 18.0 23.0 21.0 21.0 19.0 16.0 15.0 22.0 17.0 21.0 15.0 16.0 19.0 14.0 10.0 18.0 22.0 23.0 11.0 12.0 20.0 15.0 21.0 24.0 22.0 15.0 25.0 12.0 23.0 17.0 25.0 12.0 22.0 18.0 25.0 11.0 12.0 20.0 21.0 14.0 25.0 14.0 23.0 24.0 24.0 16.0 10.0 16.0 15.0 14.0 15.0 13.0 14.0 11.0 25.0 23.0 19.0 639.5
10.0 13.0 14.0 17.0 25.0 12.0 18.0 13.0 18.0 15.0 24.0 12.0 20.0 12.0 18.0 16.0 14.0 12.0 18.0 18.0 22.0 16.0 21.0 14.0 25.0 18.0 13.0 17.0 11.0 23.0 21.0 25.0 19.0 17.0 16.0 20.0 13.0 20.0 21.0 11.0 25.0 18.0 14.0 22.0 24.0 20.0 24.0 23.0 23.0 12.0 13.0 18.0 16.0 25.0 12.0 14.0 16.0 24.0 23.0 18.0 21.0 16.0 21.0 14.0 15.0 11.0 23.0 17.0 11.0 20.0 617.5
15.0 22.0 20.0 15.0 23.0 16.0 25.0 20.0 10.0 15.0 12.0 10.0 21.0 11.0 19.0 14.0 14.0 23.0 19.0 14.0 14.0 10.0 23.0 23.0 17.0 15.0 24.0 13.0 24.0 10.0 23.0 19.0 24.0 25.0 25.0 22.0 14.0 21.0 25.0 20.0 15.0 16.0 20.0 20.0 10.0 10.0 14.0 17.0 15.0 10.0 17.0 11.0 25.0 25.0 24.0 22.0 17.0 11.0 20.0 14.0 18.0 22.0 17.0 18.0 23.0 19.0 18.0 12.0 12.0 24.0 622.5
16.0 22.0 18.0 13.0 14.0 20.0 12.0 20.0 21.0 20.0 21.0 10.0 16.0 20.0 17.0 20.0 12.0 11.0 10.0 22.0 12.0 22.0 19.0 11.0 12.0 23.0 21.0 25.0 15.0 10.0 18.0 13.0 14.0 22.0 17.0 22.0 25.0 25.0 13.0 21.0 20.0 18.0 10.0 17.0 18.0 10.0 10.0 13.0 19.0 10.0 23.0 21.0 12.0 11.0 19.0 16.0 14.0 20.0 24.0 25.0 13.0 11.0 16.0 14.0 24.0 13.0 21.0 10.0 15.0 13.0 587.5
11.0 13.0 25.0 24.0 12.0 18.0 12.0 20.0 20.0 23.0 22.0 13.0 18.0 18.0 23.0 10.0 21.0 12.0 13.0 14.0 20.0 12.0 11.0 25.0 21.0 21.0 21.0 14.0 15.0 10.0 16.0 16.0 13.0 22.0 18.0 13.0 11.0 19.0 21.0 21.0 13.0 15.0 11.0 22.0 19.0 10.0 18.0 16.0 18.0 11.0 10.0 21.0 23.0 13.0 24.0 12.0 12.0 17.0 23.0 14.0 16.0 13.0 13.0 19.0 19.0 21.0 21.0 22.0 12.0 18.0 589.0
19.0 11.0 19.0 21.0 20.0 24.0 11.0 10.0 13.0 21.0 25.0 17.0 24.0 14.0 18.0 24.0 18.0 13.0 22.0 12.0 10.0 13.0 12.0 11.0 19.0 11.0 10.0 22.0 18.0 18.0 18.0 20.0 21.0 17.0 22.0 14.0 18.0 25.0 25.0 21.0 19.0 12.0 13.0 15.0 13.0 14.0 20.0 14.0 15.0 17.0 20.0 21.0 19.0 17.0 10.0 11.0 17.0 18.0 20.0 14.0 24.0 17.0 15.0 23.0 24.0 25.0 25.0 25.0 23.0 11.0 616.0
19.0 22.0 18.0 13.0 24.0 15.0 15.0 17.0 19.0 15.0 25.0 14.0 11.0 17.0 19.0 12.0 15.0 10.0 19.0 17.0 19.0 11.0 25.0 18.0 10.0 24.0 16.0 23.0 18.0 10.0 12.0 17.0 22.0 16.0 15.0 11.0 14.0 18.0 14.0 20.0 11.0 23.0 15.0 24.0 22.0 23.0 12.0 12.0 18.0 25.0 13.0 21.0 17.0 10.0 15.0 22.0 23.0 23.0 15.0 13.0 18.0 24.0 10.0 13.0 24.0 21.0 23.0 14.0 25.0 21.0 609.5
25.0 21.0 16.0 18.0 11.0 12.0 10.0 16.0 16.0 15.0 17.0 18.0 11.0 18.0 16.0 16.0 13.0 19.0 19.0 11.0 20.0 10.0 10.0 20.0 20.0 23.0 23.0 19.0 12.0 11.0 22.0 22.0 10.0 24.0 23.0 14.0 10.0 11.0 16.0 12.0 22.0 16.0 15.0 20.0 12.0 13.0 24.0 20.0 13.0 19.0 15.0 15.0 23.0 16.0 14.0 12.0 23.0 16.0 14.0 19.0 22.0 24.0 15.0 10.0 14.0 22.0 18.0 15.0 21.0 19.0 585.5
11.0 14.0 23.0 23.0 14.0 11.0 22.0 19.0 20.0 10.0 23.0 23.0 17.0 18.0 25.0 22.0 13.0 25.0 22.0 21.0 16.0 14.0 21.0 25.0 24.0 18.0 17.0 16.0 25.0 15.0 21.0 13.0 18.0 11.0 10.0 19.0 15.0 16.0 22.0 11.0 24.0 23.0 10.0 24.0 11.0 12.0 21.0 19.0 18.0 19.0 11.0 19.0 18.0 24.0 14.0 22.0 21.0 25.0 23.0 19.0 19.0 17.0 16.0 17.0 17.0 12.0 19.0 15.0 18.0 14.0 632.0
10.0 16.0 11.0 15.0 13.0 21.0 18.0 12.0 16.0 11.0 21.0 19.0 23.0 24.0 21.0 15.0 19.0 12.0 23.0 13.0 16.0 17.0 22.0 23.0 10.0 20.0 23.0 10.0 13.0 14.0 25.0 11.0 10.0 20.0 12.0 13.0 19.0 24.0 16.0 17.0 12.0 23.0 12.0 21.0 14.0 16.0 11.0 24.0 10.0 25.0 19.0 16.0 12.0 11.0 15.0 20.0 23.0 19.0 21.0 15.0 25.0 13.0 22.0 19.0 21.0 25.0 19.0 16.0 18.0 23.0 604.0
19.0 14.0 14.0 25.0 16.0 15.0 15.0 10.0 11.0 18.0 15.0 14.0 20.0 24.0 11.0 12.0 15.0 18.0 13.0 24.0 15.0 12.0 15.0 16.0 17.0 22.0 13.0 24.0 14.0 25.0 12.0 24.0 15.0 17.0 20.0 13.0 22.0 20.0 22.0 18.0 25.0 12.0 18.0 21.0 25.0 17.0 19.0 16.0 11.0 20.0 15.0 17.0 17.0 19.0 13.0 19.0 17.0 16.0 18.0 21.0 25.0 22.0 18.0 12.0 10.0 12.0 15.0 16.0 18.0 15.0 599.0
17.0 15.0 10.0 19.0 14.0 11.0 17.0 13.0 24.0 20.0 23.0 10.0 24.0 18.0 18.0 13.0 24.0 23.0 21.0 16.0 17.0 23.0 12.0 14.0 24.0 17.0 19.0 20.0 24.0 15.0 23.0 13.0 23.0 25.0 25.0 19.0 25.0 16.0 22.0 21.0 21.0 23.0 21.0 21.0 25.0 20.0 11.0 18.0 18.0 10.0 23.0 15.0 17.0 13.0 22.0 11.0 10.0 25.0 21.0 18.0 12.0 25.0 21.0 20.0 17.0 13.0 25.0 17.0 15.0 11.0 643.0
12.0 14.0 20.0 13.0 12.0 22.0 25.0 16.0 11.0 10.0 13.0 13.0 11.0 11.0 17.0 14.0 14.0 20.0 22.0 17.0 18.0 20.0 13.0 12.0 20.0 24.0 12.0 17.0 11.0 13.0 17.0 17.0 21.0 16.0 21.0 15.0 14.0 12.0 25.0 25.0 24.0 24.0 13.0 16.0 14.0 17.0 16.0 16.0 17.0 15.0 13.0 10.0 19.0 15.0 25.0 18.0 14.0 20.0 11.0 22.0 25.0 13.0 16.0 24.0 22.0 23.0 18.0 10.0 10.0 15.0 582.5
14.0 21.0 18.0 15.0 20.0 12.0 24.0 12.0 17.0 21.0 19.0 17.0 17.0 23.0 10.0 18.0 25.0 24.0 14.0 10.0 11.0 10.0 15.0 18.0 13.0 18.0 16.0 20.0 14.0 13.0 21.0 18.0 14.0 13.0 17.0 14.0 25.0 14.0 23.0 25.0 22.0 14.0 22.0 15.0 23.0 15.0 24.0 14.0 13.0 17.0 23.0 16.0 14.0 12.0 19.0 24.0 14.0 22.0 19.0 21.0 10.0 13.0 16.0 24.0 16.0 17.0 14.0 15.0 14.0 19.0 602.0
14.0 22.0 22.0 16.0 17.0 25.0 14.0 12.0 17.0 22.0 18.0 13.0 20.0 20.0 24.0 20.0 17.0 14.0 16.0 12.0 16.0 21.0 18.0 16.0 12.0 18.0 19.0 17.0 19.0 23.0 17.0 23.0 19.0 21.0 22.0 14.0 12.0 14.0 10.0 14.0 19.0 14.0 20.0 24.0 21.0 10.0 24.0 10.0 10.0 10.0 14.0 13.0 17.0 14.0 17.0 12.0 12.0 11.0 14.0 25.0 21.0 13.0 19.0 14.0 23.0 18.0 16.0 11.0 24.0 20.0 595.0
11.0 24.0 18.0 15.0 20.0 11.0 11.0 25.0 12.0 18.0 12.0 18.0 19.0 10.0 24.0 22.0 13.0 17.0 23.0 14.0 24.0 21.0 18.0 20.0 17.0 20.0 20.0 22.0 25.0 17.0 19.0 22.0 12.0 16.0 24.0 10.0 14.0 25.0 18.0 19.0 17.0 20.0 16.0 16.0 11.0 19.0 10.0 23.0 15.0 23.0 23.0 14.0 17.0 13.0 11.0 24.0 14.0 25.0 22.0 14.0 21.0 14.0 10.0 12.0 25.0 10.0 25.0 24.0 23.0 12.0 621.5
11.0 24.0 22.0 17.0 20.0 16.0 16.0 24.0 19.0 15.0 10.0 13.0 19.0 22.0 14.0 13.0 17.0 23.0 18.0 19.0 14.0 24.0 15.0 13.0 17.0 24.0 24.0 22.0 15.0 12.0 24.0 21.0 19.0 12.0 11.0 17.0 10.0 23.0 25.0 19.0 18.0 23.0 12.0 15.0 23.0 25.0 15.0 15.0 19.0 10.0 20.0 20.0 11.0 13.0 14.0 23.0 19.0 24.0 14.0 10.0 10.0 24.0 10.0 25.0 23.0 23.0 24.0 21.0 13.0 13.0 621.0
25.0 13.0 15.0 22.0 19.0 15.0 12.0 18.0 13.0 21.0 19.0 13.0 14.0 13.0 25.0 10.0 15.0 25.0 20.0 12.0 23.0 15.0 10.0 25.0 20.0 23.0 23.0 16.0 19.0 20.0 24.0 25.0 20.0 10.0 17.0 16.0 25.0 19.0 19.0 10.0 13.0 20.0 23.0 10.0 22.0 24.0 17.0 13.0 14.0 24.0 16.0 21.0 23.0 19.0 20.0 10.0 11.0 15.0 24.0 13.0 19.0 14.0 14.0 17.0 20.0 11.0 10.0 17.0 15.0 20.0 613.5
25.0 24.0 10.0 16.0 10.0 20.0 21.0 13.0 21.0 22.0 21.0 10.0 14.0 22.0 22.0 12.0 12.0 24.0 17.0 14.0 14.0 14.0 21.0 25.0 19.0 21.0 14.0 23.0 14.0 12.0 10.0 19.0 12.0 19.0 16.0 23.0 24.0 14.0 10.0 19.0 21.0 11.0 16.0 17.0 20.0 20.0 19.0 20.0 16.0 20.0 17.0 11.0 18.0 22.0 15.0 14.0 21.0 20.0 20.0 24.0 21.0 17.0 24.0 19.0 18.0 21.0 17.0 21.0 24.0 24.0 630.5
11.0 12.0 16.0 12.0 15.0 24.0 16.0 18.0 17.0 18.0 18.0 17.0 16.0 11.0 21.0 15.0 14.0 20.0 12.0 16.0 13.0 11.0 15.0 16.0 20.0 21.0 11.0 19.0 15.0 14.0 13.0 14.0 11.0 18.0 16.0 10.0 13.0 10.0 13.0 13.0 21.0 23.0 10.0 11.0 19.0 24.0 10.0 18.0 25.0 14.0 22.0 23.0 10.0 20.0 25.0 22.0 24.0 16.0 23.0 18.0 23.0 24.0 15.0 10.0 12.0 22.0 23.0 20.0 13.0 25.0 585.0
13.0 12.0 13.0 20.0 10.0 16.0 11.0 24.0 19.0 17.0 25.0 16.0 13.0 18.0 13.0 14.0 21.0 24.0 16.0 16.0 11.0 19.0 12.0 17.0 24.0 23.0 19.0 25.0 24.0 12.0 19.0 19.0 17.0 16.0 19.0 17.0 19.0 19.0 24.0 22.0 11.0 15.0 20.0 13.0 20.0 12.0 22.0 24.0 22.0 22.0 15.0 12.0 20.0 16.0 20.0 14.0 19.0 19.0 23.0 13.0 25.0 15.0 22.0 10.0 24.0 18.0 13.0 16.0 13.0 25.0 620.5
20.0 19.0 15.0 23.0 14.0 21.0 10.0 16.0 17.0 13.0 18.0 22.0 22.0 15.0 14.0 10.0 11.0 22.0 20.0 23.0 24.0 14.0 13.0 15.0 19.0 23.0 11.0 18.0 21.0 10.0 19.0 12.0 12.0 16.0 23.0 25.0 21.0 21.0 19.0 15.0 10.0 22.0 13.0 15.0 19.0 21.0 22.0 21.0 11.0 18.0 21.0 20.0 16.0 10.0 16.0 12.0 21.0 20.0 15.0 22.0 12.0 12.0 24.0 10.0 22.0 15.0 17.0 10.0 19.0 19.0 600.5
18.0 10.0 14.0 13.0 21.0 21.0 18.0 18.0 18.0 24.0 10.0 10.0 18.0 11.0 23.0 22.0 24.0 20.0 10.0 19.0 25.0 18.0 10.0 20.0 12.0 22.0 17.0 19.0 12.0 10.0 12.0 24.0 14.0 13.0 11.0 24.0 21.0 15.0 19.0 14.0 19.0 19.0 24.0 22.0 12.0 10.0 11.0 17.0 25.0 17.0 14.0 12.0 13.0 10.0 10.0 10.0 14.0 21.0 25.0 10.0 25.0 18.0 19.0 14.0 14.0 14.0 24.0 21.0 19.0 25.0 591.0
13.0 12.0 25.0 10.0 16.0 11.0 18.0 13.0 10.0 19.0 19.0 14.0 12.0 18.0 11.0 16.0 22.0 25.0 22.0 18.0 16.0 15.0 11.0 15.0 22.0 17.0 15.0 25.0 17.0 21.0 24.0 18.0 22.0 20.0 12.0 23.0 22.0 22.0 23.0 22.0 12.0 18.0 23.0 11.0 24.0 22.0 24.0 20.0 22.0 14.0 19.0 21.0 17.0 22.0 10.0 16.0 13.0 15.0 13.0 12.0 21.0 12.0 24.0 15.0 12.0 20.0 13.0 23.0 24.0 13.0 615.5
21.0 11.0 24.0 15.0 12.0 20.0 20.0 23.0 15.0 19.0 21.0 18.0 15.0 12.0 10.0 22.0 24.0 17.0 21.0 10.0 19.0 19.0 22.0 16.0 23.0 22.0 18.0 11.0 20.0 18.0 25.0 22.0 13.0 13.0 10.0 15.0 23.0 11.0 21.0 11.0 13.0 15.0 24.0 19.0 19.0 25.0 17.0 10.0 16.0 14.0 15.0 15.0 17.0 16.0 22.0 11.0 20.0 23.0 18.0 21.0 17.0 10.0 13.0 15.0 21.0 14.0 23.0 10.0 17.0 19.0 605.5
11.0 20.0 11.0 12.0 16.0 18.0 15.0 10.0 25.0 11.0 25.0 17.0 20.0 23.0 10.0 25.0 15.0 13.0 18.0 18.0 10.0 11.0 25.0 19.0 22.0 16.0 23.0 25.0 16.0 19.0 13.0 16.0 19.0 20.0 22.0 20.0 15.0 12.0 19.0 14.0 13.0 18.0 19.0 13.0 17.0 18.0 16.0 24.0 23.0 15.0 17.0 15.0 19.0 17.0 13.0 23.0 13.0 16.0 13.0 23.0 10.0 20.0 21.0 22.0 23.0 25.0 23.0 15.0 11.0 22.0 613.0
16.0 19.0 13.0 19.0 16.0 15.0 14.0 13.0 14.0 17.0 11.0 11.0 15.0 12.0 20.0 24.0 10.0 13.0 15.0 15.0 24.0 10.0 10.0 18.0 20.0 21.0 17.0 16.0 12.0 13.0 12.0 13.0 20.0 13.0 10.0 18.0 12.0 25.0 19.0 13.0 10.0 17.0 18.0 14.0 11.0 23.0 23.0 13.0 21.0 17.0 25.0 18.0 16.0 12.0 12.0 17.0 16.0 16.0 20.0 24.0 17.0 22.0 12.0 10.0 11.0 16.0 25.0 10.0 24.0 23.0 565.5
25.0 14.0 23.0 18.0 12.0 12.0 17.0 15.0 18.0 24.0 18.0 16.0 18.0 10.0 19.0 22.0 24.0 11.0 15.0 15.0 20.0 23.0 18.0 13.0 21.0 22.0 22.0 20.0 14.0 20.0 24.0 22.0 23.0 21.0 22.0 17.0 18.0 24.0 25.0 23.0 21.0 17.0 11.0 21.0 10.0 11.0 12.0 10.0 12.0 23.0 20.0 12.0 10.0 10.0 12.0 16.0 14.0 15.0 22.0 24.0 17.0 21.0 18.0 25.0 16.0 24.0 14.0 13.0 22.0 22.0 626.5
